0111011
011011
01110001101
0111101
Chlovy
Ohmelovici
010000101
0100011οἰ
010010101101
0110101111
0101101101
0101011101
01011
0100101101
01010101
0101111101
01011011
0101110101
010111001101
0101101101
Ι0101010101
0101111οἱ
010100101
010101101
01000101101
0100011111οἰ
01000110101
01000101101
01001οί01
0100011101
0100011111οἰ
0100011οἱ
0100001οἰ '
0110001101
010001111ίοί
0100011101
010οη0101
010010101

0110110101 .

01101010101
0110111

0110100101
0110100101

-101-

0111001111οἰ
0110100
0110101101
0110101101
01101101
01101001101
01101011
0110011101
011110001101
0111110
0111101101
0111101101
0111101101
011100101101
0110111
01101001101
0110101101
0110101011οἰ
0110100101
0110111101ίοί
011011101ἰοί
0110101101
Chyjice

1011101100
10101101
10100101101
1010101101
10100101

. 101101101

10101101
101011011οἰ
10101101
101101
1000101101
10110101101
101000101
10100101
10101101
10000101
10001101
1101101101
11101011

11101101

“ 11101101

110101101
110111

1011101101
1010101
101101101
Kajiei
1101101101
10101101
10100101
10101101
10111101
1011101 ’
10101101
10101101
10001101
1000101101
1011101101
10101101
10001101
10010101
Kbely
101101101
1111001101
110101101
1101001101
11100101

“ 11110

111101101
11110101
1111101101
1111111
1010101101
1000101101
10010101101

. 100101101

1010101101
10100101
10100101
101101
1011101101 ,

10101101
10101101
1011011οὶ
1101101101
10101101
10101101
1010101101
1101011111οἱ
1101101101
1010101101
1010101101
1101101
1011101101
11011101
10110οί01
1101101111 .
100101 ·
10101101
10100101
10001101
1010011οί
1010101
10001101
1000111101
10001101
10101101
1010101101
1000101101
10101101
1101101101
1101101011οἰ
1101111101
110011101ίοί
1100011011οἰ
1111001101
1110101101
1101101101
110001101
1101101101
110101101
11011101
1101101101
110101101

 

